id	label	x	y	cluster	weight<Links>	weight<Total link strength>	weight<Occurrences>	score<Avg. pub. year>	score<Avg. citations>	score<Avg. norm. citations>
28	angular momentum	0.8332	0.3018	2	21	42	12	2011.4167	23.4167	1.1362
49	astronomy	-0.0964	0.3096	5	19	37	11	2011.5455	24	0.9741
51	atmosphere	0.1034	0.2659	5	25	51	12	2008.8333	37	1.6003
157	core	0.6644	-0.4149	2	22	43	12	2011.8333	25.4167	0.8454
158	core (planetary)	0.9445	-0.2255	2	22	53	14	2010.5	17.7143	0.5849
168	core-mantle boundary	0.7392	-0.2226	2	23	53	14	2016.5	9.9286	0.64
231	doppler effect	-0.9381	0.54	1	17	47	12	2005.0833	24.5833	1.2169
253	earth	0.7259	0.5821	4	19	41	12	2010.25	12.9167	0.3964
254	earth (planet)	-0.0767	0.703	4	27	86	22	2009.4545	19.2727	0.666
255	earth atmosphere	-0.2625	-0.2077	1	28	50	11	2013.6364	34	1.6594
263	earth rotation	0.8016	0.0548	2	24	77	28	2007.1429	20.5357	0.9183
384	free core nutation	1.221	-0.1955	2	15	30	13	2006.7692	17.9231	0.5133
411	geodesy	-0.3098	0.5588	4	25	62	18	2009.2222	29.9444	1.3148
432	geophysics	0.1464	0.5841	4	23	54	15	2008.2667	16.8667	0.7352
451	gravitation	-0.8005	0.3116	1	22	47	12	2008.6667	22.5833	0.8733
475	habitability	-0.472	0.0385	1	20	35	9	2012.5556	20.3333	0.695
533	inner core	0.4068	-0.0692	2	24	42	10	2009.8	26.4	1.2732
549	interior	-0.0893	-0.5928	3	14	30	11	2012.0909	39.7273	1.0832
553	interior structure	-0.767	-0.0195	1	21	42	10	2017.1	27	0.8974
569	interplanetary flight	-1.1511	-0.1765	1	14	19	9	2012.7778	20.7778	0.5071
648	magnetic field	0.3346	0.2386	2	22	42	11	2015	57	1.4687
662	mantle	0.226	-0.5394	3	20	32	10	2007.5	37.1	1.1703
671	mars	0.0533	-0.0849	3	36	166	56	2010.75	43.6607	1.5292
712	martian surface analysis	-0.5575	0.2824	1	23	77	20	2007.5	30.3	1.3208
762	modelling	0.5946	0.0833	2	22	36	16	2011.25	39.125	1.0311
769	moon	-0.3107	-0.5794	3	19	29	9	2013.6667	33.1111	1.0806
804	nutation	1.0156	-0.0147	2	22	79	30	2006.1333	20.9	0.9283
836	orbits	-0.6072	-0.4831	1	22	54	15	2013.2	43.2667	1.5978
888	planetary rotation	1.0505	0.1858	2	18	37	14	2002.2857	33.3571	1.3862
898	planets	-0.513	-0.1902	1	32	92	24	2012.125	19.4583	0.7344
930	precession	0.8897	-0.4938	2	15	27	13	2006.3077	25.3846	0.7705
954	radio links	-1.0848	0.2572	1	18	42	11	2015.1818	18.5455	0.9189
959	radio science	-0.8876	0.1317	1	23	48	11	2012.1818	45.8182	2.1104
977	reference systems	0.612	0.7243	4	12	23	10	2010.1	15	0.9067
998	rotation	-0.2025	0.1037	1	37	114	30	2011.8333	22.4333	1.0153
1012	satellite	-0.9521	-0.4411	1	14	23	9	2013.4444	18.2222	0.7376
1064	seismology	-0.0198	-0.3082	3	27	47	12	2014.8333	63.75	1.3632
1090	solar system	-0.9521	-0.1412	1	14	18	9	2015.3333	16.6667	0.7126
1116	spacecraft	-0.7632	-0.3598	1	14	42	11	2010.7273	59.4545	2.4042
1232	tide	0.4512	-0.497	3	17	25	10	2015.9	22	1.0887
