93	96	16
93	109	10
93	128	3
93	163	1
93	172	2
93	198	1
93	199	9
93	239	3
93	240	5
93	265	11
93	266	19
93	314	9
93	337	1
93	360	4
93	382	12
93	442	7
93	456	7
93	469	3
93	481	18
93	486	2
93	533	6
93	539	3
93	734	13
93	749	5
93	751	5
93	755	10
93	760	3
93	800	2
93	804	6
93	827	21
93	881	12
93	1063	3
93	1068	2
93	1123	3
93	1131	1
93	1145	7
93	1153	8
93	1208	2
93	1246	9
93	1273	1
96	109	5
96	128	3
96	163	1
96	172	2
96	198	1
96	199	5
96	239	1
96	240	1
96	265	6
96	266	3
96	314	4
96	337	2
96	360	2
96	382	5
96	442	6
96	456	7
96	469	3
96	481	9
96	486	1
96	533	3
96	539	3
96	725	2
96	734	5
96	749	1
96	751	3
96	755	4
96	760	3
96	800	2
96	804	3
96	827	11
96	881	2
96	1063	3
96	1123	5
96	1131	5
96	1145	2
96	1153	2
96	1208	2
96	1246	7
96	1273	2
109	128	2
109	163	3
109	172	2
109	198	3
109	199	7
109	239	3
109	240	2
109	265	2
109	266	4
109	314	4
109	337	7
109	360	4
109	382	13
109	442	5
109	456	10
109	481	14
109	486	12
109	533	4
109	539	1
109	725	5
109	734	7
109	749	2
109	751	2
109	755	4
109	760	4
109	800	3
109	804	1
109	827	6
109	881	3
109	1063	4
109	1123	10
109	1131	12
109	1145	2
109	1153	6
109	1208	2
109	1246	15
109	1273	9
128	163	1
128	172	5
128	198	3
128	199	3
128	239	1
128	240	1
128	265	2
128	266	1
128	337	2
128	360	1
128	382	7
128	442	1
128	456	5
128	469	1
128	481	8
128	486	5
128	533	1
128	539	1
128	725	1
128	734	3
128	755	3
128	760	1
128	800	3
128	804	2
128	827	4
128	881	2
128	1063	3
128	1068	1
128	1123	1
128	1131	1
128	1145	4
128	1153	1
128	1208	2
128	1246	5
128	1273	1
163	172	5
163	198	1
163	199	5
163	240	1
163	265	2
163	266	1
163	314	2
163	337	3
163	360	1
163	382	3
163	442	3
163	456	1
163	469	2
163	481	7
163	486	3
163	725	2
163	800	2
163	804	2
163	1063	5
163	1068	1
163	1123	2
163	1131	3
163	1153	1
163	1208	1
163	1246	2
163	1273	3
172	198	2
172	199	4
172	239	1
172	240	1
172	265	3
172	266	2
172	314	1
172	337	3
172	360	2
172	382	5
172	442	2
172	456	6
172	469	3
172	481	7
172	486	4
172	725	1
172	734	4
172	749	1
172	760	2
172	800	2
172	804	1
172	827	3
172	881	1
172	1063	6
172	1068	6
172	1123	2
172	1131	2
172	1153	3
172	1208	1
172	1246	5
172	1273	2
198	199	5
198	239	2
198	265	4
198	337	2
198	360	1
198	382	5
198	456	5
198	481	5
198	486	5
198	533	2
198	539	1
198	725	2
198	734	2
198	749	1
198	755	2
198	760	1
198	800	1
198	827	1
198	881	1
198	1063	3
198	1153	2
198	1208	2
198	1246	3
199	239	3
199	240	3
199	265	4
199	266	4
199	314	9
199	337	3
199	360	2
199	382	13
199	442	5
199	456	9
199	469	2
199	481	11
199	486	8
199	533	4
199	539	5
199	725	2
199	734	9
199	749	3
199	751	2
199	755	5
199	760	2
199	800	3
199	804	1
199	827	9
199	881	5
199	1063	6
199	1068	1
199	1123	4
199	1131	5
199	1145	3
199	1153	4
199	1208	4
199	1246	11
199	1273	5
239	240	3
239	265	5
239	266	1
239	314	2
239	337	4
239	360	1
239	382	7
239	442	1
239	456	4
239	481	8
239	486	4
239	533	1
239	539	2
239	725	1
239	734	5
239	749	5
239	751	2
239	755	3
239	760	2
239	800	1
239	804	1
239	827	2
239	881	6
239	1063	1
239	1068	1
239	1145	1
239	1153	4
239	1208	1
239	1246	3
240	265	1
240	266	6
240	314	3
240	337	1
240	360	2
240	382	6
240	442	3
240	456	2
240	469	1
240	481	2
240	533	1
240	539	3
240	725	1
240	734	3
240	749	1
240	760	1
240	804	1
240	827	2
240	881	5
240	1123	1
240	1131	1
240	1145	1
240	1153	3
240	1208	1
240	1246	1
240	1273	1
265	266	1
265	314	1
265	337	1
265	360	1
265	382	9
265	442	1
265	456	7
265	469	1
265	481	11
265	486	4
265	533	2
265	539	1
265	725	6
265	734	4
265	749	5
265	751	2
265	755	5
265	760	2
265	800	2
265	804	2
265	827	7
265	881	5
265	1063	4
265	1068	1
265	1123	1
265	1145	1
265	1153	5
265	1208	4
265	1246	4
266	314	6
266	337	2
266	360	3
266	382	7
266	442	6
266	456	3
266	469	1
266	481	9
266	533	4
266	539	2
266	734	8
266	749	2
266	751	2
266	755	6
266	760	1
266	804	3
266	827	12
266	881	5
266	1063	2
266	1068	2
266	1123	1
266	1145	3
266	1153	7
266	1208	1
266	1246	3
314	337	1
314	360	2
314	382	8
314	442	1
314	456	1
314	469	1
314	481	10
314	486	3
314	533	4
314	539	3
314	734	5
314	749	4
314	751	5
314	755	3
314	760	1
314	800	1
314	804	1
314	827	6
314	881	4
314	1063	2
314	1123	2
314	1131	1
314	1145	1
314	1153	1
314	1208	2
314	1246	6
314	1273	2
337	360	1
337	382	8
337	442	7
337	456	6
337	481	15
337	486	10
337	539	1
337	725	1
337	734	2
337	749	2
337	751	4
337	755	2
337	760	4
337	800	4
337	804	4
337	827	3
337	881	1
337	1063	8
337	1068	1
337	1123	3
337	1131	5
337	1153	3
337	1208	3
337	1246	7
337	1273	3
360	382	7
360	456	2
360	481	4
360	486	2
360	533	1
360	539	1
360	725	3
360	734	1
360	749	2
360	800	1
360	804	1
360	827	1
360	881	3
360	1063	3
360	1123	2
360	1131	4
360	1153	1
360	1246	4
360	1273	1
382	442	3
382	456	13
382	469	1
382	481	17
382	486	9
382	533	4
382	539	6
382	725	8
382	734	7
382	749	6
382	751	3
382	755	4
382	760	5
382	804	2
382	827	9
382	881	11
382	1063	6
382	1068	3
382	1123	4
382	1131	6
382	1145	4
382	1153	8
382	1208	5
382	1246	14
382	1273	4
442	456	2
442	469	1
442	481	7
442	486	3
442	533	1
442	539	1
442	725	3
442	734	3
442	751	2
442	755	1
442	760	1
442	800	2
442	804	5
442	827	6
442	1063	4
442	1123	4
442	1131	3
442	1153	3
442	1208	2
442	1246	4
442	1273	3
456	469	2
456	481	11
456	486	8
456	533	1
456	539	1
456	725	3
456	734	7
456	749	2
456	751	1
456	755	3
456	760	4
456	800	2
456	804	2
456	827	7
456	881	3
456	1063	2
456	1068	3
456	1123	3
456	1131	5
456	1145	1
456	1153	6
456	1208	2
456	1246	8
456	1273	1
469	481	2
469	486	1
469	734	1
469	800	1
469	804	1
469	1063	1
469	1068	2
469	1153	1
469	1246	1
481	486	10
481	533	7
481	539	4
481	725	3
481	734	12
481	749	9
481	751	7
481	755	10
481	760	5
481	800	3
481	804	8
481	827	12
481	881	7
481	1063	13
481	1068	2
481	1123	4
481	1131	4
481	1145	6
481	1153	9
481	1208	6
481	1246	11
481	1273	3
486	533	1
486	539	2
486	725	3
486	734	6
486	749	2
486	751	2
486	755	3
486	760	3
486	800	7
486	804	2
486	827	4
486	881	3
486	1063	10
486	1068	1
486	1123	2
486	1131	4
486	1145	2
486	1153	3
486	1208	4
486	1246	13
486	1273	3
533	539	3
533	734	3
533	749	3
533	751	2
533	755	2
533	760	1
533	804	1
533	827	1
533	881	3
533	1063	1
533	1123	2
533	1145	1
533	1153	2
533	1208	1
533	1246	3
539	734	4
539	751	1
539	755	1
539	827	4
539	881	3
539	1063	1
539	1123	1
539	1145	2
539	1153	1
539	1246	3
539	1273	1
725	800	1
725	1063	3
725	1123	1
725	1131	3
725	1208	3
725	1246	3
725	1273	1
734	749	4
734	751	3
734	755	7
734	760	3
734	800	2
734	804	2
734	827	8
734	881	5
734	1063	2
734	1068	4
734	1123	3
734	1131	2
734	1145	7
734	1153	4
734	1208	3
734	1246	7
734	1273	2
749	751	3
749	755	2
749	760	4
749	800	1
749	804	1
749	827	4
749	881	7
749	1063	1
749	1068	1
749	1131	1
749	1145	2
749	1153	3
749	1208	2
749	1246	4
751	755	3
751	760	3
751	800	1
751	804	1
751	827	5
751	881	2
751	1123	2
751	1131	1
751	1153	2
751	1208	2
751	1246	5
751	1273	1
755	760	1
755	800	3
755	804	3
755	827	10
755	881	2
755	1063	1
755	1145	1
755	1153	6
755	1208	1
755	1246	6
760	800	1
760	827	2
760	881	4
760	1063	2
760	1068	1
760	1123	2
760	1131	5
760	1145	1
760	1153	4
760	1246	2
760	1273	2
800	804	1
800	827	4
800	881	1
800	1063	6
800	1068	1
800	1123	1
800	1131	2
800	1145	1
800	1153	2
800	1246	3
800	1273	1
804	827	3
804	881	1
804	1063	1
804	1123	1
804	1145	1
804	1153	1
804	1208	1
804	1246	3
827	881	7
827	1063	5
827	1068	1
827	1123	2
827	1131	2
827	1145	3
827	1153	7
827	1208	1
827	1246	10
827	1273	1
881	1063	1
881	1068	1
881	1123	1
881	1131	1
881	1145	5
881	1153	5
881	1246	5
881	1273	1
1063	1068	2
1063	1123	2
1063	1131	5
1063	1145	1
1063	1153	1
1063	1208	4
1063	1246	6
1063	1273	2
1068	1131	1
1068	1145	2
1068	1153	1
1068	1208	1
1068	1246	2
1123	1131	9
1123	1145	1
1123	1208	1
1123	1246	7
1123	1273	8
1131	1145	1
1131	1246	10
1131	1273	9
1145	1153	1
1145	1208	1
1145	1246	3
1145	1273	1
1153	1208	1
1153	1246	3
1208	1246	3
1246	1273	8
