17	25	2
17	28	1
17	45	2
17	66	2
17	68	1
17	69	3
17	127	4
17	152	2
17	174	3
17	180	1
17	193	2
17	201	2
17	202	3
17	211	1
17	229	1
17	239	2
17	245	2
17	247	2
17	261	1
17	280	2
17	282	1
17	288	2
17	302	1
17	304	3
17	328	3
17	335	3
17	350	2
17	366	8
17	374	1
17	384	2
17	418	2
17	423	2
17	425	2
17	427	2
17	432	1
17	479	1
25	66	4
25	127	1
25	193	1
25	201	1
25	202	1
25	366	1
28	45	4
28	68	1
28	174	1
28	180	1
28	191	1
28	193	1
28	201	1
28	202	1
28	229	3
28	239	1
28	245	2
28	247	1
28	302	1
28	348	1
28	350	2
28	366	1
28	384	2
28	418	2
28	423	2
28	425	2
28	427	2
28	433	1
45	68	2
45	174	2
45	180	2
45	191	1
45	193	2
45	201	1
45	202	2
45	211	1
45	229	3
45	239	2
45	245	3
45	247	2
45	261	1
45	302	1
45	348	1
45	350	3
45	366	2
45	374	1
45	384	3
45	418	3
45	423	3
45	425	3
45	427	3
45	432	1
45	433	1
66	127	1
66	193	1
66	201	1
66	202	1
66	366	1
68	174	1
68	180	1
68	191	1
68	193	1
68	202	1
68	211	1
68	239	2
68	245	1
68	247	1
68	261	1
68	267	1
68	302	1
68	332	1
68	350	1
68	366	1
68	374	1
68	384	4
68	418	1
68	423	1
68	425	1
68	427	1
68	432	1
68	433	1
69	127	2
69	152	1
69	174	1
69	180	1
69	282	2
69	304	4
69	335	4
69	366	3
69	479	2
75	131	2
75	201	1
75	239	1
75	267	1
75	324	2
75	348	1
75	350	2
75	410	1
75	425	2
127	280	1
127	288	1
127	304	2
127	328	1
127	335	2
127	366	4
131	152	2
131	181	1
131	239	2
131	245	1
131	261	1
131	267	2
131	324	1
131	332	2
131	348	1
131	410	1
131	418	1
152	174	1
152	181	1
152	239	1
152	245	1
152	261	1
152	267	1
152	282	1
152	304	1
152	328	1
152	332	2
152	335	1
152	366	1
152	418	1
152	479	1
174	180	1
174	191	2
174	193	2
174	201	1
174	202	4
174	211	2
174	229	3
174	239	3
174	245	3
174	247	3
174	261	2
174	282	1
174	302	4
174	304	1
174	335	1
174	348	1
174	350	3
174	366	4
174	374	3
174	384	4
174	418	2
174	423	2
174	425	2
174	427	3
174	432	3
174	433	1
174	479	2
180	191	1
180	193	1
180	202	1
180	211	1
180	229	1
180	239	1
180	245	1
180	247	1
180	261	1
180	282	1
180	304	1
180	335	1
180	348	1
180	350	1
180	366	2
180	374	1
180	384	2
180	418	1
180	423	1
180	425	1
180	427	1
180	432	1
180	479	1
181	211	1
181	228	1
181	229	1
181	239	2
181	245	1
181	261	1
181	267	1
181	332	2
181	335	1
181	350	1
181	384	1
181	423	1
181	425	1
181	427	1
181	433	1
181	501	1
191	202	1
191	229	2
191	267	1
191	302	4
191	348	3
191	366	1
191	374	1
191	384	2
191	432	1
191	433	1
193	201	1
193	202	3
193	211	2
193	229	2
193	239	2
193	245	3
193	247	2
193	261	2
193	302	1
193	350	3
193	366	2
193	374	2
193	384	1
193	418	2
193	423	2
193	425	2
193	427	3
193	432	2
193	433	1
193	479	1
201	202	3
201	229	1
201	239	1
201	245	1
201	247	1
201	282	2
201	302	2
201	350	2
201	366	1
201	384	1
201	418	1
201	423	1
201	425	2
201	427	1
201	479	1
201	501	1
202	211	3
202	228	1
202	229	3
202	239	3
202	245	4
202	247	4
202	261	3
202	282	1
202	302	4
202	348	1
202	350	4
202	366	3
202	374	3
202	384	4
202	410	1
202	418	2
202	423	3
202	425	3
202	427	4
202	432	3
202	433	2
202	479	1
202	501	1
211	228	2
211	229	2
211	239	2
211	245	4
211	247	3
211	261	3
211	302	1
211	350	4
211	366	2
211	374	3
211	384	2
211	410	1
211	418	1
211	423	3
211	425	3
211	427	4
211	432	3
211	433	3
211	479	1
228	229	1
228	245	3
228	247	1
228	261	2
228	324	1
228	350	5
228	374	1
228	384	1
228	410	2
228	423	4
228	425	3
228	427	3
228	432	1
228	433	2
229	239	2
229	245	4
229	247	2
229	261	1
229	302	3
229	348	2
229	350	4
229	366	2
229	374	1
229	384	2
229	418	2
229	423	3
229	425	3
229	427	4
229	432	1
229	433	2
229	479	1
239	245	3
239	247	3
239	261	3
239	267	3
239	302	2
239	332	3
239	335	1
239	350	3
239	366	3
239	374	2
239	384	4
239	410	1
239	418	2
239	423	2
239	425	2
239	427	3
239	432	2
239	433	1
239	479	1
245	247	4
245	261	6
245	267	1
245	302	2
245	324	2
245	332	1
245	350	8
245	366	3
245	374	3
245	384	3
245	410	3
245	418	4
245	423	7
245	425	7
245	427	8
245	432	3
245	433	3
245	479	1
247	261	3
247	302	2
247	350	4
247	366	3
247	374	3
247	384	3
247	410	1
247	418	2
247	423	3
247	425	3
247	427	4
247	432	3
247	433	2
247	479	1
261	302	1
261	324	2
261	332	1
261	350	5
261	366	2
261	374	3
261	384	2
261	410	3
261	418	1
261	423	4
261	425	4
261	427	5
261	432	3
261	433	2
261	479	1
267	302	1
267	332	3
267	335	1
267	384	2
267	410	1
267	418	1
267	433	1
280	288	4
280	328	3
280	366	2
282	302	1
282	304	2
282	335	2
282	366	1
282	479	3
282	501	1
288	328	3
288	366	2
302	348	1
302	350	2
302	366	3
302	374	2
302	384	3
302	418	1
302	423	1
302	425	1
302	427	2
302	432	2
302	433	2
302	479	1
302	501	1
304	335	4
304	366	3
304	479	2
324	348	1
324	350	3
324	410	2
324	423	1
324	425	3
324	427	2
328	366	3
332	335	1
332	384	2
332	418	1
335	366	3
335	384	1
335	479	2
348	384	1
350	366	3
350	374	3
350	384	3
350	410	3
350	418	3
350	423	10
350	425	10
350	427	9
350	432	3
350	433	3
350	479	1
366	374	3
366	384	2
366	418	2
366	423	2
366	425	2
366	427	3
366	432	3
366	433	1
366	479	2
374	384	2
374	410	1
374	418	1
374	423	2
374	425	2
374	427	3
374	432	4
374	433	2
374	479	1
384	410	1
384	418	2
384	423	3
384	425	3
384	427	3
384	432	2
384	433	2
410	423	2
410	425	3
410	427	3
410	432	1
410	433	1
418	423	3
418	425	3
418	427	3
418	432	1
423	425	7
423	427	7
423	432	2
423	433	2
425	427	8
425	432	2
425	433	2
427	432	3
427	433	3
427	479	1
432	433	2
432	479	1
433	479	1
