26	35	3
26	44	3
26	148	2
26	223	1
26	227	4
26	304	2
26	314	1
26	359	1
26	371	1
26	383	1
26	390	2
26	393	3
26	471	1
26	536	1
26	551	4
26	553	3
26	558	1
26	762	2
26	898	2
26	904	1
26	939	1
26	996	1
28	35	1
28	44	3
28	87	2
28	137	2
28	179	1
28	227	1
28	280	1
28	285	2
28	314	1
28	359	2
28	393	1
28	471	1
28	536	1
28	551	5
28	553	5
28	558	1
28	645	2
28	768	1
28	777	1
28	828	2
28	898	2
35	44	5
35	103	1
35	137	1
35	148	1
35	223	2
35	227	3
35	285	1
35	314	1
35	359	2
35	371	1
35	383	1
35	390	2
35	393	2
35	398	1
35	471	1
35	551	3
35	553	2
35	558	1
35	762	1
35	777	1
35	828	1
35	898	3
35	939	2
35	996	1
44	87	3
44	103	4
44	137	4
44	148	2
44	179	6
44	223	2
44	227	14
44	280	5
44	285	1
44	304	1
44	314	6
44	359	1
44	383	1
44	390	3
44	393	6
44	398	6
44	445	2
44	471	7
44	536	1
44	551	12
44	553	6
44	645	3
44	762	2
44	768	2
44	896	3
44	898	7
44	904	5
44	939	3
44	970	1
87	103	1
87	137	4
87	179	4
87	223	2
87	227	9
87	280	4
87	285	4
87	304	2
87	313	1
87	314	5
87	359	4
87	371	1
87	390	2
87	393	1
87	398	3
87	445	2
87	471	4
87	536	2
87	551	4
87	553	7
87	558	1
87	645	1
87	762	2
87	768	1
87	777	1
87	898	4
87	904	3
87	970	4
87	996	1
103	148	1
103	179	1
103	223	1
103	227	4
103	304	1
103	313	1
103	314	3
103	383	1
103	390	1
103	398	1
103	445	2
103	471	1
103	551	2
103	553	4
103	558	1
103	762	1
103	896	1
103	898	5
103	904	1
103	939	2
137	148	1
137	179	6
137	223	2
137	227	6
137	280	4
137	313	1
137	314	6
137	359	2
137	371	1
137	390	3
137	393	4
137	398	2
137	445	2
137	471	4
137	536	2
137	551	2
137	553	6
137	558	1
137	762	2
137	768	1
137	898	3
137	904	1
137	996	2
148	179	1
148	227	8
148	304	3
148	313	1
148	314	1
148	371	1
148	390	2
148	393	1
148	398	1
148	551	3
148	762	2
148	896	2
148	898	1
148	904	3
148	939	5
148	996	1
179	223	1
179	227	8
179	280	5
179	313	2
179	314	11
179	359	1
179	383	1
179	390	2
179	393	4
179	398	6
179	445	1
179	471	6
179	536	1
179	551	6
179	553	3
179	762	2
179	898	3
179	904	1
179	939	1
179	970	2
179	996	1
223	227	1
223	280	1
223	285	1
223	313	1
223	314	2
223	445	3
223	471	3
223	551	2
223	553	4
223	558	1
223	777	2
223	898	3
227	280	3
227	285	5
227	304	6
227	313	5
227	314	7
227	371	7
227	383	6
227	390	8
227	393	6
227	398	9
227	445	6
227	471	6
227	536	5
227	551	14
227	553	15
227	558	2
227	645	2
227	762	8
227	768	4
227	828	1
227	896	6
227	898	10
227	904	9
227	939	6
227	970	10
227	996	7
280	285	3
280	314	5
280	359	1
280	393	2
280	398	2
280	445	1
280	471	3
280	536	2
280	551	5
280	553	4
280	558	1
280	645	1
280	777	2
280	898	4
280	904	3
285	313	2
285	359	2
285	371	1
285	445	4
285	551	2
285	553	4
285	558	2
285	762	1
285	768	1
285	777	1
285	898	4
285	904	3
285	970	1
285	996	2
304	371	1
304	390	2
304	393	1
304	536	1
304	551	4
304	553	2
304	762	2
304	768	1
304	777	1
304	896	2
304	898	2
304	904	2
304	939	3
304	970	1
304	996	1
313	314	3
313	371	1
313	390	1
313	393	1
313	398	2
313	445	5
313	471	1
313	551	3
313	553	4
313	558	2
313	777	1
313	898	1
313	904	3
313	939	1
313	996	1
314	359	2
314	371	1
314	383	1
314	390	2
314	393	3
314	398	6
314	445	3
314	471	6
314	536	1
314	551	6
314	553	6
314	558	1
314	898	4
314	904	2
314	939	1
314	970	3
359	471	1
359	536	1
359	551	3
359	553	2
359	558	1
359	828	1
359	898	2
371	383	3
371	390	3
371	393	2
371	398	1
371	445	1
371	536	3
371	551	2
371	553	7
371	558	2
371	762	5
371	768	4
371	828	1
371	904	3
371	970	1
371	996	7
383	390	4
383	393	1
383	536	3
383	551	1
383	553	4
383	558	2
383	762	4
383	768	1
383	970	2
383	996	3
390	393	4
390	398	3
390	536	2
390	551	4
390	553	4
390	558	1
390	762	7
390	768	1
390	904	3
390	939	1
390	970	2
390	996	4
393	398	4
393	471	1
393	536	1
393	551	5
393	553	5
393	558	1
393	645	2
393	762	4
393	768	1
393	898	2
393	904	1
393	939	1
393	996	2
398	445	1
398	471	3
398	551	5
398	762	3
398	768	1
398	898	1
398	904	1
398	939	2
398	970	3
398	996	1
445	551	3
445	553	5
445	558	4
445	762	1
445	768	1
445	777	2
445	896	3
445	898	6
445	904	6
445	970	2
445	996	2
471	551	7
471	553	2
471	898	2
471	970	1
536	551	6
536	553	8
536	558	1
536	645	1
536	762	2
536	768	3
536	777	1
536	828	1
536	898	2
536	904	1
536	970	1
536	996	3
551	553	12
551	558	2
551	645	3
551	762	4
551	768	2
551	777	1
551	828	2
551	898	6
551	904	6
551	939	3
551	970	4
551	996	3
553	558	5
553	645	5
553	762	5
553	768	4
553	777	3
553	828	1
553	896	1
553	898	11
553	904	3
553	939	1
553	970	3
553	996	5
558	762	1
558	768	1
558	777	2
558	828	1
558	898	4
558	904	1
558	996	1
645	768	3
645	828	3
645	898	2
645	904	1
645	970	1
762	768	4
762	898	1
762	904	2
762	939	1
762	970	2
762	996	8
768	828	2
768	896	1
768	904	1
768	996	4
777	898	4
777	904	3
828	896	1
828	898	2
828	904	1
828	996	1
896	898	3
896	904	3
896	939	2
898	904	2
898	939	3
898	970	3
904	939	2
904	970	1
904	996	3
970	996	1
