10	15	1
10	16	1
10	33	1
10	48	1
10	64	1
10	98	1
10	140	1
10	148	1
10	149	1
10	172	1
10	204	2
10	234	1
10	235	1
10	251	2
10	252	1
10	258	1
10	308	1
10	357	1
10	383	1
13	16	2
13	25	2
13	53	3
13	55	4
13	64	2
13	106	2
13	134	1
13	140	1
13	207	1
13	226	1
13	234	2
13	235	2
13	251	1
13	252	1
13	258	1
13	352	1
13	357	2
15	16	2
15	33	2
15	36	1
15	48	1
15	64	1
15	75	1
15	98	1
15	106	1
15	140	1
15	170	1
15	204	1
15	216	2
15	234	1
15	235	1
15	251	1
15	308	1
15	357	1
15	383	1
16	25	1
16	33	3
16	36	2
16	48	2
16	53	2
16	55	3
16	64	3
16	75	1
16	87	2
16	92	1
16	98	2
16	106	4
16	134	1
16	140	3
16	149	2
16	170	1
16	172	1
16	198	1
16	204	2
16	207	1
16	216	2
16	226	3
16	234	2
16	235	1
16	251	3
16	258	1
16	308	1
16	352	3
16	354	3
16	357	3
16	362	2
16	375	2
16	383	1
25	53	2
25	55	3
25	64	1
25	106	2
25	134	1
25	140	1
25	207	1
25	226	1
25	234	1
25	235	1
25	251	1
25	252	1
25	258	1
25	352	1
25	354	1
25	357	2
25	362	1
25	375	1
33	36	2
33	48	2
33	55	1
33	64	2
33	77	1
33	87	2
33	98	1
33	106	1
33	134	2
33	140	3
33	170	1
33	172	1
33	198	1
33	204	1
33	216	1
33	251	3
33	258	2
33	308	1
33	357	1
33	375	1
33	383	2
33	394	1
36	48	1
36	61	1
36	87	1
36	134	1
36	140	1
36	149	1
36	170	2
36	172	1
36	216	2
36	251	1
36	258	1
36	308	2
36	383	1
36	394	1
48	64	1
48	77	1
48	87	1
48	92	1
48	98	1
48	134	1
48	140	2
48	185	1
48	204	1
48	207	1
48	251	2
48	258	1
48	362	1
53	55	3
53	64	3
53	92	1
53	106	2
53	134	1
53	140	1
53	172	1
53	204	1
53	207	2
53	234	1
53	235	1
53	251	2
53	252	1
53	258	1
53	357	1
55	61	1
55	64	4
55	77	1
55	87	1
55	106	6
55	134	1
55	140	2
55	148	1
55	149	1
55	198	1
55	204	2
55	207	1
55	226	3
55	234	2
55	235	2
55	251	2
55	252	1
55	258	3
55	352	3
55	354	2
55	357	5
55	362	1
55	375	2
61	87	1
61	106	1
61	134	1
61	140	1
61	149	2
61	170	2
61	172	2
61	185	1
61	204	2
61	207	1
61	216	1
61	226	1
61	308	1
61	354	2
61	383	1
61	394	2
64	77	1
64	87	1
64	92	1
64	98	1
64	106	3
64	140	2
64	148	1
64	172	1
64	198	1
64	204	3
64	207	1
64	251	4
64	252	1
64	258	3
64	352	1
64	357	3
64	375	1
75	98	2
75	106	2
75	149	1
75	216	1
75	226	1
75	234	1
75	235	1
75	352	1
75	354	1
75	357	2
75	362	1
75	375	1
77	87	1
77	92	1
77	106	2
77	134	1
77	140	1
77	185	1
77	198	1
77	207	1
77	251	1
77	258	1
77	354	1
77	357	1
77	362	1
77	375	1
87	106	1
87	134	2
87	140	4
87	170	1
87	172	1
87	185	1
87	198	2
87	204	1
87	207	1
87	216	1
87	234	1
87	251	2
87	258	2
87	354	1
87	357	2
87	375	1
87	383	1
87	394	1
92	172	1
92	185	2
92	204	1
92	207	3
92	251	1
92	362	2
98	106	1
98	140	1
98	149	1
98	204	1
98	226	1
98	251	1
98	352	1
98	354	1
98	357	1
98	362	1
98	375	1
106	134	3
106	140	2
106	148	1
106	149	3
106	198	2
106	204	2
106	207	1
106	216	1
106	226	3
106	234	2
106	235	3
106	251	1
106	252	1
106	258	2
106	352	3
106	354	6
106	357	4
106	362	2
106	375	4
134	140	3
134	170	1
134	172	2
134	185	1
134	204	1
134	207	2
134	234	1
134	235	1
134	251	1
134	252	1
134	258	1
134	354	3
134	375	1
134	383	1
134	394	2
140	170	1
140	172	1
140	185	1
140	198	2
140	204	2
140	207	2
140	216	1
140	234	2
140	235	1
140	251	3
140	258	2
140	354	1
140	357	2
140	375	1
140	383	1
140	394	1
148	149	2
148	172	1
148	204	1
148	226	1
148	234	1
148	251	1
148	252	1
148	258	2
148	308	1
148	352	1
148	357	3
149	170	1
149	172	2
149	204	1
149	216	1
149	226	3
149	234	1
149	251	1
149	252	1
149	258	1
149	308	2
149	352	1
149	354	3
149	357	2
149	362	1
149	375	1
149	394	1
170	172	2
170	185	1
170	204	1
170	207	1
170	216	2
170	308	2
170	354	2
170	362	1
170	383	2
170	394	2
172	185	1
172	204	2
172	207	2
172	216	1
172	234	1
172	251	2
172	252	1
172	258	1
172	308	2
172	354	1
172	357	1
172	383	1
172	394	3
185	204	1
185	207	3
185	354	1
185	362	2
185	383	1
185	394	1
198	216	1
198	234	1
198	235	1
198	251	1
198	258	1
198	357	2
198	375	1
204	207	2
204	226	1
204	235	1
204	251	2
204	258	1
204	352	1
204	354	2
204	357	1
204	383	2
204	394	1
207	234	1
207	235	1
207	251	1
207	354	1
207	362	2
207	383	1
207	394	1
216	234	2
216	235	1
216	308	2
216	357	2
216	383	1
216	394	1
226	234	1
226	235	1
226	352	3
226	354	3
226	357	3
226	362	2
226	375	2
234	235	3
234	251	1
234	252	1
234	258	1
234	308	1
234	352	1
234	357	4
235	352	1
235	357	2
235	383	1
251	252	2
251	258	4
251	308	1
251	357	3
251	375	1
252	258	2
252	308	1
252	354	1
252	357	2
252	375	1
258	308	1
258	352	1
258	357	4
258	375	1
308	357	1
308	383	1
308	394	1
352	354	2
352	357	3
352	362	2
352	375	2
354	357	1
354	362	3
354	375	3
354	383	1
354	394	1
357	362	1
357	375	2
362	375	2
383	394	1
