28	51	3
28	157	3
28	158	2
28	168	4
28	253	2
28	254	2
28	255	2
28	263	6
28	384	2
28	411	1
28	432	1
28	533	1
28	648	2
28	671	1
28	762	2
28	804	2
28	888	1
28	898	1
28	977	1
28	998	2
28	1232	1
49	51	5
49	158	1
49	168	1
49	254	4
49	263	1
49	411	1
49	432	1
49	451	1
49	475	3
49	533	2
49	553	1
49	648	1
49	662	2
49	671	5
49	712	1
49	888	1
49	898	3
49	998	2
49	1012	1
51	158	1
51	253	1
51	254	2
51	255	2
51	263	3
51	411	1
51	451	1
51	475	2
51	533	1
51	549	1
51	553	1
51	648	2
51	662	1
51	671	8
51	712	1
51	836	1
51	888	3
51	898	3
51	954	1
51	959	2
51	998	3
51	1064	1
51	1116	1
157	158	4
157	168	4
157	253	1
157	255	2
157	263	4
157	384	1
157	411	1
157	533	1
157	549	1
157	648	1
157	662	3
157	671	2
157	762	2
157	769	1
157	804	3
157	888	2
157	930	1
157	959	1
157	998	2
157	1064	2
157	1232	1
158	168	5
158	253	1
158	255	2
158	263	5
158	384	5
158	432	1
158	451	1
158	533	2
158	648	3
158	671	5
158	762	2
158	769	1
158	804	5
158	888	2
158	930	1
158	959	1
158	998	2
158	1232	1
168	253	1
168	255	1
168	263	5
168	384	2
168	475	1
168	533	2
168	648	3
168	662	2
168	671	2
168	762	2
168	769	1
168	804	6
168	888	1
168	898	1
168	930	1
168	977	1
168	998	2
168	1064	1
168	1232	4
231	254	3
231	255	1
231	411	4
231	432	3
231	451	5
231	553	1
231	569	1
231	671	4
231	712	8
231	804	1
231	836	1
231	898	1
231	954	3
231	959	3
231	998	4
231	1090	1
231	1116	3
253	254	6
253	384	1
253	411	2
253	432	4
253	533	1
253	671	2
253	762	3
253	804	3
253	888	1
253	898	2
253	930	1
253	977	6
253	998	2
253	1064	1
254	255	1
254	263	2
254	411	5
254	432	6
254	451	3
254	475	3
254	533	2
254	553	3
254	648	2
254	671	5
254	712	5
254	762	2
254	804	3
254	836	1
254	888	1
254	898	5
254	954	4
254	959	1
254	977	4
254	998	9
254	1012	1
254	1064	1
255	263	4
255	432	1
255	451	1
255	475	3
255	553	1
255	569	1
255	648	2
255	671	3
255	712	2
255	762	2
255	769	2
255	836	2
255	898	2
255	954	1
255	959	3
255	998	2
255	1012	1
255	1064	1
255	1090	1
255	1116	3
255	1232	1
263	384	3
263	411	3
263	432	3
263	533	2
263	648	4
263	662	1
263	671	2
263	762	2
263	769	1
263	804	11
263	888	3
263	930	3
263	977	2
263	998	4
263	1064	1
263	1232	2
384	432	1
384	533	1
384	671	3
384	762	2
384	804	4
384	888	1
384	930	2
384	998	1
384	1232	1
411	432	4
411	451	2
411	533	1
411	549	1
411	569	1
411	662	1
411	671	8
411	712	5
411	769	1
411	804	3
411	836	2
411	898	3
411	954	2
411	959	1
411	977	1
411	998	6
411	1064	2
432	451	2
432	475	1
432	533	1
432	549	2
432	553	1
432	671	5
432	712	5
432	762	1
432	769	1
432	898	3
432	977	3
432	998	1
432	1064	3
451	549	1
451	553	1
451	569	1
451	648	1
451	671	5
451	712	6
451	769	1
451	836	3
451	898	1
451	954	1
451	959	2
451	998	2
451	1090	2
451	1116	4
475	553	1
475	569	1
475	648	2
475	662	1
475	671	2
475	712	2
475	769	1
475	898	4
475	954	1
475	959	1
475	998	2
475	1012	1
475	1064	2
475	1090	1
533	553	1
533	648	2
533	662	1
533	671	4
533	804	5
533	888	2
533	898	3
533	959	1
533	998	3
533	1012	1
533	1064	1
533	1232	1
549	662	2
549	671	6
549	712	2
549	769	1
549	898	3
549	998	5
549	1064	2
549	1090	1
549	1232	2
553	569	1
553	648	1
553	671	4
553	836	2
553	898	4
553	930	1
553	954	5
553	959	4
553	998	4
553	1012	2
553	1064	2
553	1090	1
569	769	1
569	836	1
569	898	3
569	954	2
569	959	1
569	998	2
569	1012	2
569	1090	1
648	671	3
648	712	1
648	762	1
648	804	3
648	898	1
648	954	1
648	959	1
648	998	4
648	1064	1
662	671	3
662	712	1
662	804	1
662	836	1
662	888	1
662	898	3
662	930	1
662	998	3
662	1064	2
662	1116	1
662	1232	1
671	712	13
671	762	2
671	769	3
671	804	7
671	836	9
671	888	8
671	898	7
671	930	3
671	954	1
671	959	5
671	998	9
671	1012	2
671	1064	7
671	1116	6
671	1232	2
712	769	2
712	804	1
712	836	7
712	898	1
712	930	1
712	959	1
712	998	3
712	1012	1
712	1064	1
712	1116	7
762	804	3
762	836	2
762	888	1
762	898	1
762	930	1
762	977	1
762	998	1
762	1064	1
762	1090	1
762	1232	1
769	836	2
769	898	2
769	998	1
769	1064	2
769	1116	3
769	1232	2
804	888	4
804	930	7
804	954	1
804	959	1
804	977	1
804	998	4
836	898	3
836	930	2
836	954	1
836	959	1
836	998	1
836	1012	3
836	1064	2
836	1090	1
836	1116	6
888	898	2
888	930	1
888	998	2
898	954	4
898	959	3
898	998	8
898	1012	5
898	1064	3
898	1090	4
898	1116	2
898	1232	1
930	1116	1
954	959	5
954	998	7
954	1064	1
954	1090	1
959	998	5
959	1064	1
959	1090	1
959	1116	3
977	998	1
977	1064	1
977	1232	1
998	1012	1
998	1064	2
998	1090	1
998	1232	1
1012	1064	1
1012	1116	1
1064	1232	2
1090	1116	1
